{
    "cam_mat": {
        "type_id": "opencv-matrix",
        "rows": 3,
        "cols": 3,
        "dt": "d",
        "data": [
            1.0481896096122273e+03,
            0,
            3.195e02,
            0,
            1.0481896096122273e+03,
            2.395e02,
            0,         
            0,
            1
        ]
    },
    "distor_coff": {
        "type_id": "opencv-matrix",
        "rows": 5,
        "cols": 1,
        "dt": "d",
        "data": [
            -3.8445461657168792e-02,
            -1.0023048603921707e+00,
            0,
            0,
            1.6867502067560228e+01           
        ]
    }
}