{
    "cam_mat": {
        "type_id": "opencv-matrix",
        "rows": 3,
        "cols": 3,
        "dt": "d",
        "data": [
            1.6575958794470005e+03,
            0,
            6.3950000000000000e+02,
            0,
            1.6575958794470005e+03,
            5.1150000000000000e+02,
            0,
            0,
            1
        ]
    },
    "distor_coff": {
        "type_id": "opencv-matrix",
        "rows": 5,
        "cols": 1,
        "dt": "d",
        "data": [
            -8.6604244840842545e-02,
            1.7853538836395499e+00,
            0,
            0,
            -4.2171468195480195e+01          
        ]
    }
}