{
    "cam_mat": {
        "type_id": "opencv-matrix",
        "rows": 3,
        "cols": 3,
        "dt": "d",
        "data": [
            1.0559082123258975e+03,
            0,
            3.1950000000000000e+02,
            0,
            1.0559082123258975e+03,
            2.3950000000000000e+02,
            0,
            0,
            1
        ]
    },
    "distor_coff": {
        "type_id": "opencv-matrix",
        "rows": 5,
        "cols": 1,
        "dt": "d",
        "data": [-4.1038042578379608e-01,
            1.7348180467668637e+01,
            0,
            0, -2.7245807925137467e+02
        ]
    }
}