{
    "cam_mat": {
        "type_id": "opencv-matrix",
        "rows": 3,
        "cols": 3,
        "dt": "d",
        "data": [
            1.0569309704723987e+03,
            0,
            3.1950000000000000e+02,
            0,
            1.0569309704723987e+03,
            2.3950000000000000e+02,
            0,         
            0,
            1
        ]
    },
    "distor_coff": {
        "type_id": "opencv-matrix",
        "rows": 5,
        "cols": 1,
        "dt": "d",
        "data": [
            -1.2923142783002392e-01,
            5.2332656287521573e-01,
            0,
            0,
            7.0566194311481647e+00          
        ]
    }
}