{
    "cam_mat": {
        "type_id": "opencv-matrix",
        "rows": 3,
        "cols": 3,
        "dt": "d",
        "data": [
            8.0651625502520460e+02,
            0,
            3.1950000000000000e+02,
            0,
            8.0651625502520460e+02,
            2.3950000000000000e+02,
            0,
            0,
            1
        ]
    },
    "distor_coff": {
        "type_id": "opencv-matrix",
        "rows": 5,
        "cols": 1,
        "dt": "d",
        "data": [
            -1.2049554404312904e-01,
            6.3914253878995009e-01,
            0,
            0,
            -2.7806710829107422e+00
        ]
    }
}