{
    "cam_mat": {
        "type_id": "opencv-matrix",
        "rows": 3,
        "cols": 3,
        "dt": "d",
        "data": [
            1.0539668678160733e+03,
            0,
            3.1950000000000000e+02,
            0,
            1.0539668678160733e+03,
            2.3950000000000000e+02,
            0,
            0,
            1
        ]
    },
    "distor_coff": {
        "type_id": "opencv-matrix",
        "rows": 5,
        "cols": 1,
        "dt": "d",
        "data": [
            -1.0751230833817782e-01,
            3.0007424013271349e+00,
            0,
            0,
            -5.5940249028368314e+01          
        ]
    }
}