{
    "laobubing": 0,
    "cam_mat": {
        "type_id": "opencv-matrix",
        "rows": 3,
        "cols": 3,
        "dt": "d",
        "data": [
            1.0473894788480868e+03,
            0,
            3.1950000000000000e+02,
            0,
            1.0473894788480868e+03,
            2.3950000000000000e+02,
            0,
            0,
            1
        ]
    },
    "distor_coff": {
        "type_id": "opencv-matrix",
        "rows": 5,
        "cols": 1,
        "dt": "d",
        "data": [
            -6.5406109226968448e-02,
            -3.1053399545669609e+00,
            0,
            0,
            5.5062349092328553e+01
        ]
    }
}